0.0124804088348000
0.00872802883479997
-0.00252909116520003
-0.00878305116520003
-0.0112846511652000
-0.00878305116520003
-0.00503069116520003
0.00247406883479997
0.00622642883479997
0.00122326883479997
-0.0112846511652000
-0.0187894111652000
-0.00753229116520003
0.00247406883479997
0.0174835888348000
0.0174835888348000
0.0187343888348000
0.0149819928348000
0.0112296156348000
0.00622642883479997
-0.00503069116520003
-0.00753229116520003
0.00372486883479997
0.00247406883479997
-2.75311652000259e-05
0.00747722883479998
-2.75311652000259e-05
-0.0137862511652000
-0.0112846511652000
0.00622642883479997
0.0162327888348000
0.00497566883479997
-0.00252909116520003
-0.00503069116520003
-0.00127829116520003
-0.00127829116520003
-0.00252909116520003
0.0149819928348000
0.0287407088348000
0.0299915088348000
0.0212359488348000
0.0124804088348000
0.00122326883479997
-0.00377989116520003
-2.75311652000259e-05
0.0174835888348000
0.0137312008348000
-0.00753229116520003
-0.00503069116520003
-0.00127829116520003
-0.00753229116520003
-0.00377989116520003
0.0249883488348000
0.0337438688348000
0.0149819928348000
-0.00503069116520003
-0.00753229116520003
0.00247406883479997
0.00622642883479997
0.00997882483479998
0.00497566883479997
0.00747722883479998
0.0187343888348000
0.00247406883479997
-0.00503069116520003
0.0162327888348000
0.0287407088348000
0.0124804088348000
-0.0100338511652000
-0.0100338511652000
-0.00377989116520003
0.00122326883479997
0.00622642883479997
0.0112296156348000
0.00872802883479997
0.00122326883479997
-0.00127829116520003
0.00247406883479997
-2.75311652000259e-05
-0.00503069116520003
-0.00878305116520003
-0.0125354511652000
0.00872802883479997
0.0337438688348000
0.0324931088348000
0.0224867488348000
0.0187343888348000
-2.75311652000259e-05
-0.00252909116520003
-0.0125354511652000
-0.00878305116520003
-0.00628149116520003
-0.00127829116520003
-0.00753229116520003
-0.00503069116520003
-0.00127829116520003
0.00622642883479997
0.00372486883479997
0.00497566883479997
0.0149819928348000
0.0212359488348000
0.0262391088348000
0.0174835888348000
0.00872802883479997
0.0174835888348000
0.0212359488348000
0.0174835888348000
0.0137312008348000
0.00247406883479997
-0.00377989116520003
0.00122326883479997
0.0149819928348000
0.0149819928348000
0.00622642883479997
0.0112296156348000
0.00997882483479998
0.00872802883479997
0.0162327888348000
0.0274899088348000
0.0237375488348000
0.00997882483479998
0.00497566883479997
0.00997882483479998
-0.00127829116520003
0.00372486883479997
0.00872802883479997
0.0199851488348000
0.0112296156348000
-0.00503069116520003
-0.0112846511652000
0.00247406883479997
0.0224867488348000
0.0312423088348000
0.0162327888348000
0.00247406883479997
0.00747722883479998
0.0374962688348000
0.0500041888348000
0.0312423088348000
0.0112296156348000
0.00372486883479997
-0.00127829116520003
-0.00252909116520003
-2.75311652000259e-05
-0.00377989116520003
-2.75311652000259e-05
0.00622642883479997
0.00747722883479998
0.00122326883479997
-0.00127829116520003
-2.75311652000259e-05
-0.00127829116520003
0.00497566883479997
-2.75311652000259e-05
-0.00127829116520003
0.0137312008348000
0.0412486288348000
0.0462518288348000
0.0287407088348000
0.00872802883479997
0.0112296156348000
0.0212359488348000
0.0362454688348000
0.0349946688348000
0.0174835888348000
0.00122326883479997
0.00497566883479997
0.00497566883479997
0.00872802883479997
-0.00127829116520003
-0.0125354511652000
0.00122326883479997
0.0212359488348000
0.0237375488348000
0.00372486883479997
-0.00628149116520003
-0.00127829116520003
0.00872802883479997
0.00872802883479997
0.00622642883479997
0.00747722883479998
0.0187343888348000
0.0162327888348000
0.00622642883479997
0.00622642883479997
0.00497566883479997
0.00497566883479997
0.00872802883479997
0.0224867488348000
0.0274899088348000
0.0249883488348000
0.0249883488348000
0.0224867488348000
0.0274899088348000
0.0162327888348000
0.0137312008348000
0.00872802883479997
0.00497566883479997
0.00122326883479997
-0.00127829116520003
0.0124804088348000
0.0312423088348000
0.0287407088348000
0.0187343888348000
-0.00753229116520003
-0.00127829116520003
-0.00503069116520003
-0.00377989116520003
0.0149819928348000
0.0362454688348000
0.0399978288348000
0.0475025888348000
0.0362454688348000
0.0349946688348000
0.0324931088348000
0.0162327888348000
0.0112296156348000
0.00872802883479997
0.0287407088348000
0.0312423088348000
0.0249883488348000
0.0162327888348000
0.0224867488348000
0.00872802883479997
0.00247406883479997
-2.75311652000259e-05
-0.00503069116520003
-0.00628149116520003
-0.00878305116520003
-0.0100338511652000
0.00247406883479997
0.0112296156348000
0.0124804088348000
0.0124804088348000
0.0112296156348000
0.00497566883479997
0.00247406883479997
0.00247406883479997
-0.00753229116520003
-0.00377989116520003
0.00247406883479997
0.0137312008348000
0.0237375488348000
0.0224867488348000
0.0149819928348000
0.0199851488348000
0.0324931088348000
0.0424994288348000
0.0512549888348000
0.0437502288348000
0.0287407088348000
0.0199851488348000
0.0224867488348000
0.0262391088348000
0.0187343888348000
0.0262391088348000
0.0262391088348000
0.0187343888348000
0.0124804088348000
0.0174835888348000
0.0149819928348000
0.0149819928348000
0.0149819928348000
0.0237375488348000
0.0187343888348000
0.0137312008348000
0.0124804088348000
0.0137312008348000
0.0137312008348000
0.0162327888348000
0.0274899088348000
0.0374962688348000
0.0374962688348000
0.0199851488348000
0.0224867488348000
0.0237375488348000
0.0237375488348000
0.0162327888348000
0.00497566883479997
0.00997882483479998
0.0212359488348000
0.0312423088348000
0.0237375488348000
0.0137312008348000
0.00872802883479997
0.0137312008348000
0.0124804088348000
0.0149819928348000
0.0137312008348000
0.0162327888348000
0.0187343888348000
0.0212359488348000
0.0324931088348000
0.0337438688348000
0.0299915088348000
0.0287407088348000
0.0312423088348000
0.0312423088348000
0.0362454688348000
0.0287407088348000
0.0149819928348000
0.00372486883479997
0.00247406883479997
-0.00127829116520003
0.00622642883479997
0.0224867488348000
0.0374962688348000
0.0387470688348000
0.0324931088348000
0.0337438688348000
0.0349946688348000
0.0287407088348000
0.0199851488348000
0.0112296156348000
0.0112296156348000
0.0249883488348000
0.0337438688348000
0.0324931088348000
0.0237375488348000
0.0287407088348000
0.0412486288348000
0.0450010288348000
0.0262391088348000
0.0174835888348000
0.0237375488348000
0.0387470688348000
0.0500041888348000
0.0475025888348000
0.0424994288348000
0.0324931088348000
0.0387470688348000
0.0324931088348000
0.0249883488348000
0.0149819928348000
0.0212359488348000
0.0174835888348000
0.0112296156348000
0.0299915088348000
0.0387470688348000
0.0475025888348000
0.0337438688348000
0.0224867488348000
0.0212359488348000
0.0174835888348000
0.0224867488348000
0.0324931088348000
0.0537565088348000
0.0650137088348000
0.0612613088348000
0.0512549888348000
0.0324931088348000
0.0324931088348000
0.0424994288348000
0.0450010288348000
0.0412486288348000
0.0412486288348000
0.0424994288348000
0.0424994288348000
0.0437502288348000
0.0412486288348000
0.0424994288348000
0.0362454688348000
0.0274899088348000
0.0237375488348000
0.0299915088348000
0.0475025888348000
0.0662645088348000
0.0662645088348000
0.0525057088348000
0.0387470688348000
0.0412486288348000
0.0625121088348000
0.0537565088348000
0.0424994288348000
0.0600105088348000
0.0750201088348000
0.0687661088348000
0.0537565088348000
0.0625121088348000
0.0612613088348000
0.0537565088348000
0.0612613088348000
0.0637629088348000
0.0750201088348000
0.0762709088348000
0.0775217088348000
0.0775217088348000
0.0775217088348000
0.0787725088348000
0.0775217088348000
0.0700169088348000
0.0687661088348000
0.0787725088348000
0.0887789088348000
0.0825249088348000
0.0800233088348000
0.0700169088348000
0.0675153088348000
0.0762709088348000
0.0787725088348000
0.101286508834800
0.120048508834800
0.116296108834800
0.107540508834800
0.108791308834800
0.115045308834800
0.123800908834800
0.115045308834800
0.111292908834800
0.118797708834800
0.133807308834800
0.147566108834800
0.143813708834800
0.131305708834800
0.131305708834800
0.142562908834800
0.148816908834800
0.145064508834800
0.128804108834800
0.132556508834800
0.143813708834800
0.161324908834800
0.173832508834800
0.156321708834800
0.140061308834800
0.148816908834800
0.168829308834800
0.178835708834800
0.176334108834800
0.173832508834800
0.177584908834800
0.172581708834800
0.175083308834800
0.195096108834800
0.211356508834800
0.218861308834800
0.221362908834800
0.228867708834800
0.241375308834800
0.242626108834800
0.237622908834800
0.240124508834800
0.248880108834800
0.266391308834800
0.275146908834800
0.277648508834800
0.276397708834800
0.281400908834800
0.296410508834800
0.328930908834800
0.336435708834800
0.317673708834800
0.288905708834800
0.293908908834800
0.322676908834800
0.343940508834800
0.362702508834800
0.378962508834800
0.391470508834800
0.381464108834800
0.390219708834800
0.415236108834800
0.428996108834800
0.437748108834800
0.446504108834800
0.469020108834800
0.489032108834800
0.502792108834800
0.496536108834800
0.500288108834800
0.501540108834800
0.515300108834800
0.540316108834800
0.551572108834800
0.541564108834800
0.547820108834800
0.574088108834800
0.612860108834800
0.640380108834800
0.660392108834800
0.647884108834800
0.655388108834800
0.685408108834800
0.709172108834800
0.732936108834800
0.739192108834800
0.747948108834800
0.759204108834800
0.772964108834800
0.782968108834800
0.826748108834800
0.878028108834800
0.905548108834800
0.905548108834800
0.958080108834800
1.04813610883480
1.08566010883480
1.06564810883480
1.03688010883480
1.04813610883480
1.12193210883480
1.23325210883480
1.31956010883480
1.32581210883480
1.22574810883480
1.07690410883480
0.953076108834800
0.873024108834800
0.830500108834800
0.709172108834800
0.521552108834800
0.365204108834800
0.351445308834800
0.496536108834800
0.709172108834800
0.891788108834800
0.933064108834800
0.911800108834800
1.04063210883480
1.45339210883480
2.10880810883480
2.78674010883480
3.18574010883480
3.24202810883480
3.12820410883480
3.03314410883480
3.09193210883480
3.30957210883480
3.51094810883480
3.56973610883480
3.59350010883480
3.80488410883480
4.16634810883480
4.51406810883480
4.81302810883480
5.19450810883480
5.60854810883480
5.97874810883480
6.34022810883480
6.82554810883480
7.46970810883480
8.35278810883480
9.33214810883480
10.1213881088348
10.7805881088348
11.4535081088348
12.4316281088348
13.7262281088348
15.0908281088348
16.4767481088348
17.9551881088348
19.4586681088348
20.6869881088348
21.4124681088348
21.4049481088348
20.2204281088348
18.2003481088348
16.6230681088348
16.3003881088348
16.4267081088348
15.9613881088348
15.1796681088348
14.5429881088348
14.2715481088348
14.1539881088348
13.6286681088348
12.3803481088348
10.8531081088348
9.74614810883480
9.22706810883480
8.83934810883480
8.16138810883480
7.25330810883480
6.61418810883480
6.77802810883480
7.47970810883480
7.84870810883480
7.67358810883480
7.40090810883480
7.16702810883480
6.54538810883480
5.06318810883480
3.19074410883480
1.67603610883480
0.792976108834800
0.759204108834800
1.33832010883480
1.75233210883480
1.91243610883480
2.29768010883480
2.89680810883480
3.38712010883480
3.88368410883480
4.66794810883480
5.56226810883480
6.54038810883480
7.76738810883480
9.33214810883480
11.0870281088348
12.6442681088348
13.3885081088348
13.2046281088348
12.6730281088348
12.1852281088348
11.6586281088348
10.7980681088348
9.87750810883480
9.24958810883480
8.83434810883480
8.45782810883480
8.22770810883480
8.35402810883480
8.51286810883480
8.35150810883480
8.22770810883480
8.22518810883480
8.09134810883480
7.48598810883480
6.25518810883480
4.75298810883480
3.61601610883480
2.85678410883480
2.06002810883480
0.986848108834800
-0.328985891165200
-1.71361189116520
-3.07947989116520
-4.51037189116520
-6.03261189116520
-7.24337189116520
-7.87129189116520
-7.89629189116520
-7.29089189116520
-6.29277189116520
-5.36093189116520
-4.67549189116520
-4.15265189116520
-3.57479189116520
-2.83432389116520
-1.94876389116520
-0.765511891165200
0.745444108834800
2.26265610883480
3.39337210883480
3.94997610883480
3.99125210883480
3.88118410883480
4.04126810883480
4.62666810883480
5.56474810883480
6.67170810883480
7.64606810883480
8.20266810883480
8.42282810883480
8.47410810883480
8.36902810883480
8.11138810883480
7.86370810883480
7.59854810883480
6.99566810883480
5.95750810883480
4.81678810883480
3.96498810883480
3.35460010883480
2.85428010883480
2.31143610883480
1.73232010883480
1.29829610883480
1.27202810883480
1.45464410883480
1.32706410883480
0.702916108834800
-0.0913354911652000
-0.611663891165200
-0.803035891165200
-1.01942389116520
-1.42342789116520
-1.65607589116520
-1.34963189116520
-0.544123891165200
0.165077308834800
0.465268108834800
0.420240108834800
0.132556508834800
-0.197652691165200
-0.661695891165200
-1.45094789116520
-2.45783589116520
-3.28335989116520
-3.82745189116520
-3.85621989116520
-3.04695989116520
-1.74113189116520
-0.687963891165200
-0.0538114911652000
0.541564108834800
1.14319610883480
1.28578810883480
1.04313210883480
0.692912108834800
0.240124508834800
-0.445307891165200
-1.29084389116520
-2.28272389116520
-3.15827989116520
-3.66234789116520
-3.80493989116520
-3.65734389116520
-3.40843589116520
-3.15577589116520
-3.19580389116520
-3.61356789116520
-4.25649189116520
-4.72929189116520
-4.93817189116520
-5.02821189116520
-5.17957189116520
-5.54853189116520
-6.08513189116520
-6.72553189116520
-7.30593189116520
-7.40349189116520
-6.86189189116520
-5.53729189116520
-4.32277189116520
-4.27025189116520
-4.88813189116520
-4.74805189116520
-4.06137189116520
-3.98505189116520
-4.64921189116520
-5.56729189116520
-6.19521189116520
-6.36905189116520
-6.57545189116520
-7.10453189116520
-7.77873189116520
-7.99761189116520
-7.90381189116520
-8.47165189116520
-9.17333189116520
-9.44729189116520
-9.81877189116520
-10.1952518911652
-10.6518118911652
-11.1921318911652
-11.7612518911652
-12.0614518911652
-12.4767318911652
-13.0983718911652
-13.8488518911652
-14.7094118911652
-15.5849718911652
-15.8388918911652
-16.0114918911652
-16.3804918911652
-16.6118918911652
-16.2003718911652
-15.6199718911652
-14.5768118911652
-13.6224518911652
-12.8069318911652
-11.8312918911652
-10.5292118911652
-9.39225189116520
-9.33845189116520
-10.0564118911652
-9.79501189116520
-8.45165189116520
-7.81249189116520
-8.42413189116520
-8.90569189116520
-8.36533189116520
-7.14833189116520
-6.25525189116520
-5.87501189116520
-5.59481189116520
-5.05449189116520
-4.34777189116520
-3.92001189116520
-3.39217589116520
-2.29397989116520
-0.614167891165200
0.785472108834800
1.14694810883480
0.796728108834800
0.524056108834800
0.831748108834800
1.67853610883480
2.36272010883480
2.52782410883480
2.66541210883480
2.87179210883480
3.15072010883480
3.67230010883480
4.29394810883480
5.18702810883480
6.48282810883480
7.55350810883480
7.86622810883480
7.58602810883480
6.90558810883480
5.68482810883480
4.15386810883480
3.11820010883480
3.16823210883480
3.66854810883480
3.56973610883480
2.84928010883480
2.14258010883480
1.51968410883480
0.945572108834800
0.196346908834800
-0.859323891165200
-2.29397989116520
-3.97379589116520
-5.52853189116520
-6.51165189116520
-6.43661189116520
-5.09577189116520
-3.15077589116520
-1.46345589116520
-0.616667891165200
-0.552875891165200
-0.421543891165200
0.856764108834800
3.13821210883480
5.33210810883480
6.26894810883480
5.81866810883480
5.16574810883480
5.86118810883480
7.99002810883480
10.2114681088348
11.6136281088348
12.3803481088348
13.3759881088348
14.6405481088348
15.4373081088348
15.6962281088348
16.0464681088348
16.8132281088348
17.8401081088348
17.7838281088348
16.1565481088348
14.2840681088348
14.3916281088348
16.4829881088348
18.2328681088348
17.7400681088348
14.1127081088348
9.65234810883480
6.22266810883480
3.75860410883480
1.99248410883480
0.838004108834800
0.215108908834800
-0.173887891165200
0.308918108834800
1.43213210883480
2.43276410883480
3.60851210883480
5.62854810883480
8.18518810883480
10.7743081088348
12.2440281088348
11.7024281088348
8.87310810883480
4.54410810883480
0.984348108834800
-0.251436691165200
-0.178890691165200
0.181337308834800
0.462764108834800
-0.143868691165200
-1.67733989116520
-3.75865989116520
-5.17457189116520
-4.58545189116520
-1.88997589116520
1.90743210883480
4.51782810883480
4.34146810883480
2.15758810883480
0.529056108834800
1.68604010883480
5.12822810883480
8.23518810883480
9.64486810883480
9.94130810883480
9.90374810883480
10.1039081088348
9.51226810883480
7.62730810883480
6.90934810883480
8.24894810883480
9.33466810883480
8.18890810883480
5.04818810883480
1.46214810883480
-0.0838306911652000
0.343940508834800
1.80486810883480
3.63477610883480
4.58162810883480
4.66418810883480
5.94622810883480
8.62670810883480
10.0901481088348
8.74678810883480
5.21578810883480
1.65102010883480
-0.544123891165200
-1.89622789116520
-3.48473589116520
-5.53477189116520
-7.06825189116520
-7.64489189116520
-8.08141189116520
-8.72057189116520
-9.05201189116520
-9.14709189116520
-8.96573189116520
-8.26777189116520
-6.99573189116520
-5.53477189116520
-4.62045189116520
-4.73553189116520
-5.13829189116520
-4.73553189116520
-3.42594789116520
-2.00629989116520
-0.898095891165200
-0.490339891165200
-0.858071891165200
-1.59979189116520
-2.31149189116520
-2.69798789116520
-2.84182789116520
-2.78429189116520
-2.38278789116520
-1.74113189116520
-1.12573989116520
-0.736743891165200
-0.425295891165200
-0.158878291165200
-0.352751091165200
-1.21204389116520
-2.39529589116520
-3.42469989116520
-4.16141189116520
-4.62169189116520
-4.54789189116520
-3.94002389116520
-3.17829189116520
-3.03569989116520
-4.11765189116520
-5.69865189116520
-6.10765189116520
-4.47913189116520
-1.54600789116520
1.03062410883480
2.22138010883480
2.39398810883480
2.28142010883480
1.97997610883480
1.60474010883480
1.30079610883480
0.805484108834800
-0.242681091165200
-1.50222789116520
-2.34901589116520
-2.58916789116520
-2.03506789116520
-0.835555891165200
0.346442108834800
0.682904108834800
0.338937308834800
0.310168908834800
0.971840108834800
1.89492410883480
2.37272810883480
1.94620410883480
0.998104108834800
0.0312423088348000
-1.10822789116520
-2.11511989116520
-2.75177189116520
-3.37466789116520
-4.19645189116520
-4.73429189116520
-4.22645189116520
-2.80180389116520
-0.761759891165200
1.03062410883480
1.65352010883480
0.951824108834800
-0.157627491165200
-0.881835891165200
-0.948127891165200
-0.374014691165200
0.266391308834800
0.491532108834800
0.495288108834800
0.575336108834800
0.575336108834800
0.320175308834800
-0.218916291165200
-1.26833189116520
-2.55914789116520
-3.09699189116520
-2.46909189116520
-1.33462389116520
-0.0763258911652000
0.771712108834800
0.635376108834800
-0.208909891165200
-0.876831891165200
-0.909351891165200
-0.517855891165200
-0.122605091165200
0.233870508834800
0.371457708834800
-0.185144691165200
-1.15951189116520
-1.98128389116520
-2.23894789116520
-2.07259189116520
-1.91749189116520
-1.80491989116520
-1.72361989116520
-1.31585989116520
-0.399031891165200
0.585344108834800
1.20323610883480
1.31956010883480
1.26702410883480
1.11442810883480
0.715424108834800
0.0725185088348000
-0.651691891165200
-1.10697989116520
-0.929367891165200
-0.734243891165200
-1.24081189116520
-2.23394389116520
-3.34339589116520
-4.31149189116520
-4.78305189116520
-4.68549189116520
-4.50289189116520
-4.64921189116520
-4.89813189116520
-4.83685189116520
-4.43409189116520
-3.99505189116520
-3.89124389116520
-4.11389189116520
-4.42785189116520
-4.53417189116520
-4.29901189116520
-3.80869189116520
-3.38842389116520
-3.20705989116520
-3.19079989116520
-3.31212789116520
-3.64108389116520
-4.00005189116520
-4.06885189116520
-3.93126789116520
-3.53726789116520
-2.95689989116520
-2.50536389116520
-2.21017989116520
-1.80241989116520
-1.37839989116520
-1.27333589116520
-1.51973989116520
-1.95501589116520
-2.29397989116520
-2.23894789116520
-1.86745989116520
-1.70235589116520
-1.76114389116520
-1.55101189116520
-1.08696789116520
-0.861823891165200
-1.15325989116520
-1.70235589116520
-2.20642389116520
-2.38528789116520
-2.09635589116520
-1.51473589116520
-1.08821589116520
-0.980647891165200
-1.02942789116520
-1.22079989116520
-1.61730389116520
-2.02756389116520
-2.31399589116520
-2.51537189116520
-2.49535989116520
-2.11887189116520
-1.47721189116520
-0.641683891165200
0.278899308834800
0.950576108834800
1.17196410883480
0.911800108834800
0.171330908834800
-0.804287891165200
-1.54600789116520
-1.87371589116520
-1.89747989116520
-1.68359589116520
-1.22455189116520
-0.611663891165200
-0.00503069116520003
0.363953308834800
0.516548108834800
0.599104108834800
0.745444108834800
0.979344108834800
1.22950010883480
1.35583210883480
1.29204010883480
1.07690410883480
0.809236108834800
0.651636108834800
0.629120108834800
0.664144108834800
0.741692108834800
0.903044108834800
1.22825210883480
1.68479210883480
2.12256810883480
2.40900010883480
2.52157210883480
2.54783610883480
2.56284810883480
2.58036010883480
2.56284810883480
2.41525210883480
2.06628410883480
1.52218810883480
1.04563610883480
0.822992108834800
0.727932108834800
0.530308108834800
0.148816908834800
-0.122605091165200
0.0262391088348000
0.581592108834800
1.21574410883480
1.55971210883480
1.42337610883480
0.941820108834800
0.470272108834800
0.297661308834800
0.351445308834800
0.417736108834800
0.343940508834800
0.0587597088348000
-0.307722691165200
-0.526611891165200
-0.487835891165200
-0.168884691165200
0.257635708834800
0.539064108834800
0.577840108834800
0.479024108834800
0.323927708834800
0.136308908834800
-0.0388018911652000
-0.0187894111652000
0.283902508834800
0.771712108834800
1.19948410883480
1.30330010883480
1.00686010883480
0.532812108834800
0.217610508834800
0.156321708834800
0.165077308834800
0.132556508834800
-0.0925862911652000
-0.436555891165200
-0.469075891165200
0.141312108834800
1.15695610883480
1.80862010883480
1.63225610883480
0.908048108834800
0.332683308834800
0.446504108834800
1.12193210883480
1.69479610883480
1.80236410883480
1.58972810883480
1.33832010883480
1.19197610883480
1.12318410883480
1.11818010883480
1.19322810883480
1.36458810883480
1.59098010883480
1.83613610883480
1.90993210883480
1.67478410883480
1.23450410883480
0.915552108834800
0.914300108834800
1.14444810883480
1.37834410883480
1.46214810883480
1.40586410883480
1.28453610883480
1.16571210883480
1.04063210883480
0.856764108834800
0.609108108834800
0.391470508834800
0.390219708834800
0.584092108834800
0.829248108834800
0.993100108834800
1.09942010883480
1.24451210883480
1.45964810883480
1.69980010883480
1.84114010883480
1.84239210883480
1.82988410883480
1.91243610883480
2.12131610883480
2.43151210883480
2.67542010883480
2.67041610883480
2.49030010883480
2.36897210883480
2.32144410883480
2.23638810883480
2.10756010883480
2.01750010883480
2.03126010883480
2.11381210883480
2.13257610883480
2.01249610883480
1.72106410883480
1.30454810883480
0.846760108834800
0.382714908834800
-0.0388018911652000
-0.371513091165200
-0.584147891165200
-0.734243891165200
-0.795531891165200
-0.729239891165200
-0.572891891165200
-0.466571891165200
-0.454063891165200
-0.507847891165200
-0.487835891165200
-0.379017491165200
-0.261443091165200
-0.281455891165200
-0.385271491165200
-0.435303891165200
-0.449063891165200
-0.491587891165200
-0.482831891165200
-0.320230291165200
-0.0400526911652000
0.208854908834800
0.327680108834800
0.317673708834800
0.298912108834800
0.430244108834800
0.715424108834800
0.918056108834800
0.923056108834800
0.757952108834800
0.509044108834800
0.266391308834800
0.0625121088348000
-0.112598691165200
-0.236427491165200
-0.286459091165200
-0.301468691165200
-0.303970291165200
-0.359005091165200
-0.461571891165200
-0.517855891165200
-0.507847891165200
-0.495339891165200
-0.551627891165200
-0.716731891165200
-0.958135891165200
-1.16826789116520
-1.28834389116520
-1.33837589116520
-1.32336789116520
-1.24956789116520
-1.15075589116520
-1.07320789116520
-1.06319989116520
-1.06695189116520
-1.03568389116520
-0.933119891165200
-0.811791891165200
-0.672955891165200
-0.504095891165200
-0.355252691165200
-0.236427491165200
-0.130109891165200
-0.0488082911652000
-0.00127829116520003
0.00372486883479997
-0.0413034911652000
-0.0988402911652000
-0.0888338911652000
0.0349946688348000
0.178835708834800
0.263889708834800
0.316422908834800
0.383965708834800
0.432748108834800
0.491532108834800
0.527808108834800
0.531560108834800
0.527808108834800
0.565332108834800
0.647884108834800
0.727932108834800
0.709172108834800
0.580340108834800
0.365204108834800
0.162575708834800
0.0274899088348000
-0.0413034911652000
-0.100091091165200
-0.178890691165200
-0.271449491165200
-0.354001891165200
-0.457815891165200
-0.557879891165200
-0.621671891165200
-0.625423891165200
-0.616667891165200
-0.624171891165200
-0.651691891165200
-0.717983891165200
-0.778019891165200
-0.839307891165200
-0.889339891165200
-0.860571891165200
-0.790527891165200
-0.750503891165200
-0.745499891165200
-0.735491891165200
-0.694215891165200
-0.611663891165200
-0.495339891165200
-0.421543891165200
-0.454063891165200
-0.576643891165200
-0.726739891165200
-0.833055891165200
-0.896843891165200
-1.02817989116520
-1.24206389116520
-1.41842789116520
-1.44594389116520
-1.31461189116520
-1.11573589116520
-0.951879891165200
-0.854319891165200
-0.824299891165200
-0.821799891165200
-0.800535891165200
-0.716731891165200
-0.606663891165200
-0.462819891165200
-0.316477891165200
-0.193900291165200
-0.0900846911652000
0.0324931088348000
0.211356508834800
0.432748108834800
0.661640108834800
0.829248108834800
0.921808108834800
0.961832108834800
0.961832108834800
0.913052108834800
0.830500108834800
0.769208108834800
0.770460108834800
0.811736108834800
0.873024108834800
0.941820108834800
1.00560810883480
1.04938810883480
1.07565610883480
1.14444810883480
1.25326810883480
1.34957610883480
1.34707610883480
1.25201610883480
1.09316410883480
0.940568108834800
0.850512108834800
0.820492108834800
0.795476108834800
0.764208108834800
0.692912108834800
0.625368108834800
0.586596108834800
0.525304108834800
0.398975308834800
0.230118508834800
0.0787725088348000
-0.0325482911652000
-0.0988402911652000
-0.123855891165200
-0.158878291165200
-0.185144691165200
-0.190147891165200
-0.186395491165200
-0.178890691165200
-0.188897091165200
-0.223919491165200
-0.278954291165200
-0.340243091165200
-0.389023891165200
-0.452815891165200
-0.500343891165200
-0.494091891165200
-0.494091891165200
-0.557879891165200
-0.669199891165200
-0.768015891165200
-0.780523891165200
-0.699219891165200
-0.591651891165200
-0.509099891165200
-0.435303891165200
-0.341493891165200
-0.228922691165200
-0.100091091165200
0.0362454688348000
0.161324908834800
0.293908908834800
0.441504108834800
0.587844108834800
0.710424108834800
0.810488108834800
0.913052108834800
0.981844108834800
0.990600108834800
0.950576108834800
0.884284108834800
0.790472108834800
0.677900108834800
0.619116108834800
0.611608108834800
0.600352108834800
0.559076108834800
0.515300108834800
0.457764108834800
0.386467308834800
0.321426108834800
0.246378508834800
0.151318508834800
0.0312423088348000
-0.0788274911652000
-0.155125891165200
-0.213913091165200
-0.272700291165200
-0.286459091165200
-0.222668691165200
-0.156376691165200
-0.190147891165200
-0.285208291165200
-0.361506691165200
-0.376516291165200
-0.312725491165200
-0.223919491165200
-0.165132291165200
-0.146370291165200
-0.138865491165200
-0.113849491165200
-0.0825798911652000
-0.0600654911652000
-0.0638178911652000
-0.107595491165200
-0.196401891165200
-0.308973491165200
-0.394027891165200
-0.467823891165200
-0.522859891165200
-0.544123891165200
-0.545371891165200
-0.571639891165200
-0.616667891165200
-0.649187891165200
-0.641683891165200
-0.635431891165200
-0.639183891165200
-0.622923891165200
-0.570387891165200
-0.507847891165200
-0.477831891165200
-0.522859891165200
-0.634179891165200
-0.736743891165200
-0.804287891165200
-0.829303891165200
-0.833055891165200
-0.789275891165200
-0.721735891165200
-0.640431891165200
-0.529111891165200
-0.422795891165200
-0.360255891165200
-0.347747891165200
-0.351500291165200
-0.333989091165200
-0.285208291165200
-0.232675091165200
-0.152624291165200
-0.0350498911652000
0.133807308834800
0.316422908834800
0.454012108834800
0.510296108834800
0.480276108834800
0.430244108834800
0.425240108834800
0.465268108834800
0.484028108834800
0.451508108834800
0.390219708834800
0.322676908834800
0.267642108834800
0.198848508834800
0.103788108834800
0.0137312008348000
-0.0450558911652000
-0.0863322911652000
-0.115100291165200
-0.111347891165200
-0.0663194911652000
0.0112296156348000
0.0850265088348000
0.136308908834800
0.171330908834800
0.182588108834800
0.128804108834800
0.00872802883479997
-0.0725734911652000
-0.0888338911652000
-0.0700718911652000
-0.0675702911652000
-0.0963386911652000
-0.132611491165200
-0.168884691165200
-0.192649491165200
-0.216414691165200
-0.251436691165200
-0.282706691165200
-0.288960691165200
-0.257690691165200
-0.207659091165200
-0.162630691165200
-0.148871891165200
-0.177639891165200
-0.245182691165200
-0.295214691165200
-0.292713091165200
-0.263944691165200
-0.250185891165200
-0.248935091165200
-0.260192291165200
-0.255189091165200
-0.241430691165200
-0.235176691165200
-0.251436691165200
-0.260192291165200
-0.258941491165200
-0.287709891165200
-0.359005091165200
-0.444059891165200
-0.516603891165200
-0.592903891165200
-0.662947891165200
-0.726739891165200
-0.781771891165200
-0.826799891165200
-0.864323891165200
-0.900599891165200
-0.905599891165200
-0.861823891165200
-0.784275891165200
-0.692967891165200
-0.586647891165200
-0.466571891165200
-0.379017491165200
-0.335239891165200
-0.326484291165200
-0.321481091165200
-0.305221091165200
-0.283957491165200
-0.268947891165200
-0.263944691165200
-0.275201891165200
-0.261443091165200
-0.228922691165200
-0.187646291165200
-0.157627491165200
-0.105094291165200
-0.0337990911652000
0.0412486288348000
0.0900297088348000
0.0937821088348000
0.0850265088348000
0.0912805088348000
0.126302508834800
0.182588108834800
0.231369308834800
0.243876908834800
0.235121308834800
0.221362908834800
0.206353308834800
0.187591308834800
0.216359708834800
0.293908908834800
0.412732108834800
0.532812108834800
0.635376108834800
0.744196108834800
0.833000108834800
0.863020108834800
0.833000108834800
0.752948108834800
0.667896108834800
0.590348108834800
0.489032108834800
0.351445308834800
0.195096108834800
0.0725185088348000
0.00372486883479997
-0.0350498911652000
-0.0588146911652000
-0.108846291165200
-0.183893891165200
-0.277703491165200
-0.381519091165200
-0.452815891165200
-0.459067891165200
-0.412787891165200
-0.360255891165200
-0.321481091165200
-0.257690691165200
-0.152624291165200
-0.0262941711652000
0.0700169088348000
0.152569308834800
0.226366108834800
0.293908908834800
0.326429308834800
0.321426108834800
0.295159708834800
0.260137308834800
0.246378508834800
0.223864508834800
0.196346908834800
0.188842108834800
0.202600908834800
0.222613708834800
0.230118508834800
0.238873708834800
0.246378508834800
0.240124508834800
0.228867708834800
0.241375308834800
0.255134108834800
0.261388108834800
0.258886508834800
0.248880108834800
0.257635708834800
0.308918108834800
0.366454908834800
0.401476908834800
0.392721308834800
0.363953308834800
0.335184908834800
0.310168908834800
0.273896108834800
0.235121308834800
0.200099308834800
0.173832508834800
0.148816908834800
0.118797708834800
0.0912805088348000
0.0537565088348000
0.0112296156348000
-0.0463066911652000
-0.126357491165200
-0.201405091165200
-0.237678291165200
-0.252687491165200
-0.278954291165200
-0.313976291165200
-0.317728691165200
-0.268947891165200
-0.228922691165200
-0.225170291165200
-0.230173491165200
-0.242681091165200
-0.248935091165200
-0.245182691165200
-0.253938291165200
-0.260192291165200
-0.261443091165200
-0.265195491165200
-0.275201891165200
-0.305221091165200
-0.333989091165200
-0.371513091165200
-0.397779891165200
-0.392775891165200
-0.369011491165200
-0.321481091165200
-0.262693891165200
-0.237678291165200
-0.183893891165200
-0.0963386911652000
-0.0550622911652000
-0.0638178911652000
-0.0975894911652000
-0.105094291165200
-0.0838306911652000
-0.0463066911652000
-0.00377989116520003
0.0362454688348000
0.0875281088348000
0.140061308834800
0.198848508834800
0.257635708834800
0.292658108834800
0.311419708834800
0.292658108834800
0.228867708834800
0.161324908834800
0.140061308834800
0.145064508834800
0.113794508834800
0.0487533888348000
-0.00377989116520003
-0.0438050911652000
-0.0650686911652000
-0.0738242911652000
-0.0575638911652000
-0.0300466911652000
-0.0100338511652000
-0.0175386111652000
-0.0625670911652000
-0.100091091165200
-0.0975894911652000
-0.0775766911652000
-0.0875830911652000
-0.105094291165200
-0.111347891165200
-0.100091091165200
-0.106345091165200
-0.140116291165200
-0.168884691165200
-0.181392291165200
-0.188897091165200
-0.205157491165200
-0.206408291165200
-0.175138291165200
-0.0813290911652000
0.0137312008348000
0.0650137088348000
0.0925313088348000
0.135058108834800
0.243876908834800
0.372708508834800
0.444004108834800
0.439000108834800
0.391470508834800
0.352696108834800
0.355197708834800
0.395222908834800
0.422740108834800
0.436500108834800
0.461516108834800
0.451508108834800
0.400226108834800
0.370206908834800
0.335184908834800
0.278899308834800
0.201350108834800
0.107540508834800
0.0199851488348000
-0.0350498911652000
-0.0675702911652000
-0.116351091165200
-0.177639891165200
-0.230173491165200
-0.270198691165200
-0.285208291165200
-0.251436691165200
-0.182643091165200
-0.0913354911652000
0.00372486883479997
0.0700169088348000
0.0775217088348000
0.0349946688348000
-0.0137862511652000
-0.0575638911652000
-0.0813290911652000
-0.0838306911652000
-0.0875830911652000
-0.110097091165200
-0.121354291165200
-0.0913354911652000
-0.0262941711652000
0.0424994288348000
0.0987849088348000
0.143813708834800
0.192594508834800
0.231369308834800
0.248880108834800
0.250130908834800
0.238873708834800
0.212607308834800
0.166327708834800
0.137559708834800
0.142562908834800
0.163826508834800
0.175083308834800
0.187591308834800
0.213858108834800
0.271394508834800
0.361451708834800
0.447756108834800
0.497788108834800
0.515300108834800
0.477776108834800
0.410232508834800
0.358950108834800
0.355197708834800
0.392721308834800
0.444004108834800
0.476524108834800
0.509044108834800
0.544068108834800
0.564080108834800
0.561580108834800
0.532812108834800
0.476524108834800
0.423992108834800
0.371457708834800
0.330181708834800
0.311419708834800
0.321426108834800
0.321426108834800
0.317673708834800
0.320175308834800
0.350194508834800
0.362702508834800
0.360200908834800
0.340188108834800
0.338937308834800
0.375210108834800
0.420240108834800
0.439000108834800
0.445256108834800
0.476524108834800
0.521552108834800
0.539064108834800
0.549072108834800
0.542816108834800
0.526556108834800
0.504040108834800
0.474024108834800
0.450256108834800
0.388968908834800
0.323927708834800
0.287654908834800
0.296410508834800
0.328930908834800
0.388968908834800
0.469020108834800
0.546568108834800
0.589096108834800
0.614112108834800
0.580340108834800
0.472772108834800
0.368956508834800
0.298912108834800
0.261388108834800
0.246378508834800
0.225115308834800
0.188842108834800
0.143813708834800
0.0962837088348000
0.0600105088348000
0.0262391088348000
0.00497566883479997
0.0212359488348000
0.0537565088348000
0.0762709088348000
0.0800233088348000
0.0625121088348000
0.00872802883479997
-0.0363006911652000
-0.0425542911652000
-0.0300466911652000
-0.0388018911652000
-0.0638178911652000
-0.0775766911652000
-0.0850814911652000
-0.0950878911652000
-0.0788274911652000
-0.0525606911652000
-0.0300466911652000
-0.0175386111652000
-0.0287958911652000
-0.0463066911652000
-0.0463066911652000
-0.0225417711652000
0.00247406883479997
0.0137312008348000
0.0237375488348000
0.0399978288348000
0.0637629088348000
0.106289708834800
0.135058108834800
0.131305708834800
0.127553308834800
0.123800908834800
0.115045308834800
0.112543708834800
0.0937821088348000
0.0487533888348000
-0.0137862511652000
-0.0813290911652000
-0.108846291165200
-0.110097091165200
-0.123855891165200
-0.157627491165200
-0.183893891165200
-0.191398691165200
-0.195151091165200
-0.191398691165200
-0.198903491165200
-0.178890691165200
-0.131360691165200
-0.0950878911652000
-0.103843491165200
-0.118852691165200
-0.115100291165200
-0.106345091165200
-0.0988402911652000
-0.0713226911652000
-0.0513098911652000
-0.0375514911652000
-0.00753229116520003
0.0187343888348000
0.0249883488348000
0.00997882483479998
0.0149819928348000
0.0349946688348000
0.0687661088348000
0.0912805088348000
0.0900297088348000
0.0512549888348000
-0.0187894111652000
-0.102592691165200
-0.177639891165200
-0.218916291165200
-0.248935091165200
-0.278954291165200
-0.291462291165200
-0.295214691165200
-0.292713091165200
-0.275201891165200
-0.241430691165200
-0.202655891165200
-0.171386291165200
-0.142617891165200
-0.110097091165200
-0.0750750911652000
-0.0312974911652000
0.00372486883479997
-2.75311652000259e-05
-0.0237925711652000